15
114
1 1 1
1 2 1
1 4 3
1 6 4
1 9 4
1 10 4
1 11 5
1 14 2
1 15 0
2 1 3
2 3 3
2 4 3
2 6 4
2 8 3
2 9 5
2 11 7
2 12 7
2 14 5
3 3 5
3 5 4
3 6 3
3 7 4
3 10 5
3 11 7
3 12 7
3 14 5
4 2 3
4 6 3
4 7 5
4 10 2
4 13 7
4 14 6
4 15 4
5 2 3
5 4 2
5 5 5
5 6 4
5 10 2
5 11 3
5 13 6
5 15 4
6 1 2
6 3 4
6 4 3
6 5 5
6 6 4
6 10 3
6 11 4
6 13 6
6 14 6
7 1 3
7 2 4
7 3 4
7 4 3
7 5 4
7 6 4
7 9 4
7 10 6
7 11 7
7 15 5
8 3 5
8 4 5
8 14 8
8 15 5
9 8 3
9 9 4
9 10 7
9 11 6
9 13 6
10 2 5
10 5 5
10 6 5
10 9 4
10 10 6
10 11 5
10 12 4
10 13 4
10 14 4
11 2 5
11 3 4
11 5 3
11 7 3
11 8 3
11 9 3
11 13 5
11 14 4
12 3 5
12 4 2
12 5 2
12 6 3
12 7 3
12 15 4
13 2 6
13 3 6
13 4 5
13 5 3
13 7 3
13 10 5
13 11 6
13 13 5
14 1 5
14 4 3
14 7 3
14 8 6
14 9 4
14 10 6
14 11 6
14 13 6
14 14 5
15 1 3
15 3 3
15 9 3
15 13 4
15 14 4
