20
194
1 4 6
1 6 5
1 8 2
1 9 2
1 11 3
1 15 3
1 17 2
1 20 3
2 1 3
2 3 8
2 4 8
2 6 5
2 7 4
2 9 4
2 10 4
2 13 3
2 17 3
2 20 3
3 2 6
3 3 9
3 5 6
3 6 5
3 8 3
3 9 4
3 10 3
3 11 5
3 12 4
3 14 3
3 15 2
3 18 2
3 20 2
4 1 2
4 4 8
4 6 5
4 13 7
4 14 5
4 16 4
4 18 5
4 19 4
5 2 6
5 3 7
5 5 8
5 6 8
5 7 6
5 9 6
5 12 5
5 15 5
5 16 6
5 17 7
5 20 3
6 1 4
6 2 6
6 4 7
6 5 7
6 6 6
6 9 4
6 12 6
6 15 7
6 17 9
6 18 7
6 19 5
7 1 4
7 3 6
7 4 6
7 7 7
7 9 5
7 10 3
7 12 5
7 13 6
7 17 7
7 18 5
7 20 3
8 3 6
8 5 6
8 6 5
8 8 3
8 11 3
8 13 6
8 15 8
8 19 3
9 2 7
9 4 7
9 5 6
9 6 5
9 9 5
9 10 5
9 11 4
9 13 5
9 14 6
9 16 5
9 17 4
9 19 3
10 1 5
10 3 6
10 5 5
10 6 4
10 8 5
10 9 6
10 10 5
10 11 4
10 12 4
10 13 6
10 14 6
10 15 5
10 16 4
10 17 4
10 18 3
10 19 2
11 1 3
11 3 5
11 4 4
11 6 6
11 7 7
11 12 5
11 14 4
11 16 3
12 1 1
12 3 4
12 4 4
12 9 6
12 11 5
12 13 3
12 14 3
12 19 4
13 2 4
13 3 6
13 4 6
13 8 7
13 10 8
13 11 7
13 13 4
13 14 4
13 15 5
13 18 3
14 6 5
14 8 7
14 9 6
14 15 7
14 16 5
14 17 6
14 20 1
15 1 3
15 3 3
15 5 2
15 9 4
15 12 8
15 16 4
15 18 2
16 3 2
16 5 1
16 7 1
16 9 3
16 14 8
16 15 8
16 16 5
16 17 4
16 19 4
17 2 3
17 5 4
17 6 4
17 7 3
17 8 3
17 9 4
17 12 7
17 14 8
17 16 4
18 2 3
18 3 4
18 4 4
18 5 5
18 7 4
18 8 4
18 9 5
18 13 7
18 15 4
18 16 3
18 18 5
18 20 4
19 4 3
19 7 7
19 12 8
19 13 7
19 14 4
19 16 3
19 17 3
20 1 2
20 3 2
20 6 4
20 11 4
20 12 5
20 13 6
20 15 2
20 19 4
20 20 4