20
201
1 6 3
1 7 3
1 8 2
1 9 2
1 13 4
1 14 4
1 17 1
1 18 2
2 1 3
2 2 4
2 3 4
2 6 5
2 9 5
2 10 8
2 11 8
2 12 7
2 13 6
2 17 1
2 18 2
2 19 4
3 1 1
3 2 2
3 4 4
3 5 3
3 6 2
3 9 5
3 10 5
3 11 6
3 13 6
3 15 4
3 18 2
3 19 2
3 20 2
4 1 2
4 2 2
4 4 3
4 10 6
4 11 6
4 12 5
4 15 4
4 19 3
5 1 3
5 2 3
5 3 2
5 6 4
5 7 4
5 9 5
5 10 4
5 11 3
5 12 2
5 15 5
5 16 5
5 17 6
5 19 4
6 4 4
6 5 5
6 6 5
6 7 5
6 14 5
6 17 5
6 18 6
6 19 6
6 20 3
7 1 3
7 3 4
7 5 5
7 6 5
7 8 4
7 9 5
7 12 5
7 15 5
7 18 5
7 19 7
7 20 5
8 1 3
8 2 6
8 6 6
8 7 5
8 9 5
8 10 5
8 12 4
8 13 5
8 17 3
8 20 5
9 2 5
9 3 5
9 5 4
9 6 6
9 7 4
9 8 4
9 9 2
9 14 6
9 17 2
10 2 6
10 3 5
10 4 5
10 5 3
10 6 6
10 7 5
10 9 4
10 10 4
10 12 6
10 16 2
10 17 2
10 18 5
11 2 3
11 3 3
11 12 6
11 13 7
11 15 4
11 17 2
11 18 5
11 19 6
12 1 1
12 5 3
12 6 5
12 7 5
12 10 5
12 11 3
12 13 4
12 15 4
12 18 4
12 20 3
13 1 1
13 2 2
13 6 2
13 7 2
13 8 5
13 12 5
13 16 2
14 1 3
14 3 2
14 5 2
14 6 3
14 8 4
14 9 4
14 12 4
14 13 4
14 14 2
14 15 2
14 17 2
14 20 5
15 1 4
15 4 1
15 5 3
15 6 4
15 9 6
15 12 6
15 13 3
15 16 1
15 17 1
15 18 3
16 1 5
16 4 1
16 5 4
16 6 5
16 7 7
16 8 5
16 10 4
16 13 4
16 19 6
17 1 3
17 3 2
17 4 1
17 5 3
17 6 5
17 7 7
17 8 6
17 11 6
17 12 4
17 15 2
17 16 1
18 2 3
18 3 2
18 5 5
18 6 5
18 7 5
18 10 5
18 12 5
18 15 4
18 17 3
18 19 6
19 1 2
19 3 3
19 4 5
19 5 5
19 6 6
19 7 5
19 8 5
19 11 5
19 13 7
19 14 5
19 16 2
19 17 2
19 18 5
19 19 5
20 3 3
20 14 4
20 15 2
20 18 3
20 19 4
