15
103
1 1 0
1 2 0
1 5 3
1 6 4
1 7 3
1 8 2
1 9 2
1 11 4
1 14 0
2 1 1
2 10 4
2 12 4
2 13 5
3 4 4
3 6 5
3 7 3
3 8 3
3 11 6
3 13 5
3 15 4
4 3 5
4 5 5
4 7 4
4 14 7
4 15 7
5 1 0
5 2 3
5 3 5
5 4 8
5 5 6
5 6 7
5 11 5
5 12 3
5 15 5
6 4 9
6 7 7
6 8 4
6 10 4
6 11 4
6 13 6
6 15 4
7 1 0
7 2 3
7 5 4
7 6 5
7 7 3
7 8 6
7 13 4
8 1 1
8 3 3
8 4 4
8 5 3
8 10 7
8 12 3
8 14 4
9 3 3
9 5 2
9 6 3
9 7 2
9 9 6
9 11 5
9 12 3
9 13 3
9 15 4
10 1 2
10 2 4
10 4 3
10 10 7
10 12 2
11 1 2
11 3 4
11 4 4
11 6 6
11 7 4
11 10 5
11 12 4
11 13 6
11 14 7
12 3 2
12 4 3
12 5 4
12 8 6
12 11 6
12 13 5
13 1 4
13 3 2
13 4 3
13 7 5
13 8 5
13 9 3
13 11 5
13 12 6
13 15 2
14 4 4
14 8 5
14 11 4
14 15 2
15 1 2
15 3 3
15 5 3
15 10 1
15 13 3
15 14 3