20
198
1 6 5
1 16 6
2 2 4
2 4 6
2 6 5
2 8 6
2 10 8
2 13 6
2 14 4
2 17 6
2 18 8
2 20 6
3 1 4
3 3 6
3 4 6
3 6 6
3 10 6
3 11 5
3 13 3
3 15 4
3 16 5
3 20 5
4 1 4
4 3 6
4 4 7
4 5 8
4 7 3
4 8 3
4 10 5
4 11 5
4 13 6
4 14 5
4 17 3
4 18 3
4 19 5
5 2 5
5 6 6
5 10 4
5 12 4
5 13 6
5 14 6
5 15 4
5 17 3
5 18 4
6 3 4
6 4 6
6 7 2
6 8 1
6 9 3
6 14 7
6 17 3
6 18 4
7 1 3
7 5 4
7 6 5
7 10 5
7 12 2
7 15 5
7 19 5
8 2 5
8 3 3
8 4 2
8 5 4
8 7 5
8 8 3
8 9 4
8 10 5
8 13 1
8 16 4
8 19 5
9 2 5
9 3 3
9 4 2
9 7 5
9 8 5
9 11 4
9 15 3
9 16 3
9 17 5
9 18 5
9 20 2
10 2 5
10 5 5
10 7 4
10 9 4
10 10 4
10 11 5
10 14 2
10 15 1
10 17 4
11 1 3
11 3 4
11 4 5
11 5 5
11 6 6
11 7 4
11 8 6
11 10 4
11 11 3
11 12 4
11 13 6
11 16 2
11 19 6
12 3 3
12 4 4
12 6 4
12 7 3
12 8 4
12 9 2
12 10 4
12 11 3
12 13 6
12 14 6
12 15 6
12 16 4
12 17 5
12 18 5
12 19 5
13 2 3
13 5 6
13 6 5
13 7 4
13 8 4
13 9 4
13 10 6
13 11 4
13 12 4
13 17 6
13 20 3
14 4 5
14 5 4
14 6 3
14 9 4
14 11 4
14 12 4
14 14 6
14 15 5
14 16 5
14 18 5
14 20 2
15 2 6
15 4 6
15 5 5
15 9 6
15 10 6
15 13 5
15 15 5
15 17 4
15 20 2
16 3 3
16 5 3
16 6 3
16 7 0
16 8 1
16 11 6
16 13 7
16 14 6
16 16 3
16 17 4
16 18 4
16 19 3
17 2 5
17 3 5
17 5 4
17 7 2
17 9 5
17 14 6
17 15 4
17 18 2
17 20 1
18 2 6
18 3 6
18 8 2
18 12 8
18 13 5
18 14 4
18 15 2
18 16 4
18 18 2
19 1 5
19 3 5
19 4 3
19 8 4
19 9 4
19 10 5
19 12 7
19 13 5
19 14 5
19 15 3
19 17 3
20 1 4
20 4 0
20 6 0
20 11 2
20 14 3
20 16 3
20 18 3
20 20 1