20
185
1 2 4
1 3 3
1 4 3
1 9 3
1 11 1
1 12 2
1 15 2
1 17 3
1 20 4
2 6 3
2 8 6
2 10 2
2 14 4
2 19 5
2 20 4
3 5 4
3 7 8
3 8 8
3 12 4
3 13 5
3 14 5
3 18 4
4 2 5
4 3 4
4 4 3
4 5 3
4 6 4
4 9 5
4 10 4
4 13 8
4 17 5
4 20 2
5 1 3
5 3 3
5 4 3
5 6 4
5 7 5
5 8 7
5 10 6
5 11 4
5 15 5
5 18 3
5 19 3
6 1 3
6 3 4
6 6 3
6 7 3
6 10 7
6 12 7
6 15 6
6 18 4
6 19 3
6 20 2
7 2 4
7 5 6
7 8 3
7 9 4
7 11 5
7 13 7
7 17 5
7 18 6
7 20 5
8 3 6
8 4 6
8 6 4
8 7 5
8 10 3
8 11 3
8 12 5
8 14 8
8 15 8
8 16 7
8 18 6
8 19 5
8 20 3
9 2 4
9 3 4
9 5 6
9 9 2
9 10 2
9 17 5
9 18 5
9 20 3
10 5 5
10 6 5
10 7 6
10 8 5
10 12 5
10 13 3
10 16 3
10 17 4
10 19 3
10 20 1
11 3 3
11 4 3
11 6 6
11 7 5
11 9 5
11 10 7
11 14 1
11 15 1
11 16 3
11 19 4
11 20 1
12 2 3
12 4 3
12 8 4
12 9 6
12 13 4
12 15 3
12 16 4
13 1 3
13 3 3
13 6 4
13 8 3
13 11 4
13 17 4
13 19 4
13 20 3
14 2 2
14 4 4
14 5 6
14 7 2
14 8 3
14 10 4
14 13 7
14 14 7
14 18 7
14 20 1
15 1 4
15 3 5
15 4 4
15 6 5
15 7 4
15 9 3
15 11 5
15 12 7
15 13 7
15 19 6
16 2 4
16 8 6
16 10 6
16 12 6
16 13 5
16 14 5
16 17 7
16 18 6
17 1 2
17 4 3
17 5 3
17 6 5
17 7 6
17 8 7
17 13 3
17 14 3
17 15 3
17 19 7
17 20 6
18 2 2
18 4 3
18 5 2
18 6 4
18 7 5
18 9 6
18 10 6
18 11 7
18 13 4
18 14 4
18 18 4
18 19 4
18 20 4
19 2 4
19 4 3
19 5 3
19 8 6
19 10 5
19 13 5
19 14 6
19 15 6
19 18 5
20 3 3
20 6 5
20 11 3
20 19 3
20 20 3
