20
189
1 1 3
1 2 3
1 4 4
1 6 2
1 9 3
1 12 2
1 13 3
1 19 4
2 1 3
2 2 3
2 3 5
2 5 7
2 6 4
2 8 4
2 9 6
2 12 7
2 13 4
2 15 4
2 18 5
2 19 7
2 20 5
3 1 3
3 2 4
3 5 7
3 7 6
3 9 6
3 12 6
3 13 4
3 16 5
3 17 3
3 18 4
3 19 5
4 1 1
4 3 2
4 5 5
4 6 6
4 8 7
4 9 6
4 12 4
4 13 6
4 14 5
4 15 4
4 16 3
5 2 4
5 4 4
5 5 4
5 7 5
5 8 5
5 10 3
5 12 4
5 13 6
5 14 6
5 15 5
5 18 3
5 19 4
6 4 3
6 6 5
6 8 3
6 9 3
6 11 3
6 13 3
6 18 5
7 2 7
7 3 6
7 6 6
7 7 4
7 8 2
7 9 3
7 10 4
7 11 5
7 13 4
7 15 8
7 16 7
8 1 4
8 3 3
8 5 5
8 7 6
8 10 4
8 14 5
8 16 5
8 19 5
9 7 6
9 9 4
9 18 6
9 20 4
10 5 4
10 6 4
10 8 4
10 11 4
10 12 5
10 14 5
10 15 4
10 16 3
10 17 6
10 19 4
11 1 4
11 2 4
11 3 5
11 4 4
11 11 6
11 12 7
11 14 4
11 15 3
11 18 4
12 1 5
12 3 6
12 4 5
12 5 4
12 8 3
12 10 3
12 11 5
12 12 5
12 14 3
12 15 1
12 18 5
12 19 5
12 20 2
13 1 4
13 3 4
13 5 3
13 9 4
13 11 5
13 12 3
13 13 2
13 14 2
13 19 5
14 1 3
14 3 2
14 4 4
14 7 4
14 10 4
14 11 2
14 12 1
14 14 4
14 17 6
14 19 7
15 4 3
15 5 3
15 8 4
15 12 4
15 18 6
15 20 5
16 2 2
16 3 1
16 8 5
16 9 6
16 11 5
16 14 5
16 20 5
17 1 4
17 4 2
17 8 3
17 9 3
17 12 7
17 14 5
17 17 3
17 19 4
17 20 3
18 1 3
18 2 5
18 3 4
18 6 2
18 7 1
18 8 2
18 9 2
18 11 2
18 12 5
18 13 6
18 15 6
18 16 6
18 17 6
18 20 3
19 2 8
19 5 2
19 8 1
19 10 1
19 13 6
19 14 6
19 16 5
19 18 4
19 19 3
20 4 4
20 6 0
20 8 1
20 11 3
20 12 3
20 14 3
20 17 3
20 18 3