20
189
1 2 4
1 3 4
1 4 5
1 5 3
1 8 6
1 11 4
1 12 3
1 13 3
1 14 1
1 15 3
1 18 3
2 1 3
2 3 5
2 4 5
2 5 4
2 6 4
2 12 4
2 14 4
2 15 5
2 18 5
2 19 3
2 20 0
3 3 3
3 4 2
3 6 3
3 9 4
3 10 5
3 11 6
3 12 6
3 13 6
3 15 5
3 16 5
3 17 5
4 9 3
4 11 5
4 13 7
4 15 6
4 18 4
4 20 1
5 1 2
5 2 2
5 4 4
5 5 4
5 7 3
5 9 3
5 10 2
5 12 4
5 15 4
6 2 1
6 3 4
6 5 7
6 7 5
6 8 4
6 10 2
6 12 1
6 17 5
6 18 5
6 19 3
6 20 0
7 2 1
7 3 3
7 7 6
7 8 4
7 9 5
7 13 2
7 16 2
7 17 4
7 18 4
7 19 2
8 1 2
8 2 2
8 4 3
8 7 6
8 8 5
8 9 5
8 12 3
8 15 3
8 16 1
8 18 3
8 19 2
8 20 1
9 1 2
9 2 3
9 3 3
9 8 5
9 12 5
9 14 4
9 17 3
10 1 4
10 2 5
10 5 3
10 15 4
11 1 4
11 2 5
11 3 4
11 7 4
11 9 7
11 10 4
11 11 5
11 15 7
11 18 5
11 19 4
12 2 6
12 3 5
12 5 2
12 6 1
12 9 8
12 10 5
12 11 5
12 12 3
12 13 4
12 17 4
12 18 4
12 19 3
13 3 4
13 4 3
13 5 1
13 6 1
13 7 2
13 8 3
13 9 5
13 11 4
13 12 4
13 13 3
13 17 5
13 19 6
14 4 4
14 8 3
14 12 3
14 14 1
14 15 0
14 17 3
14 18 4
14 19 5
15 2 6
15 3 4
15 6 3
15 7 3
15 8 2
15 14 2
15 15 1
15 16 4
15 17 6
15 19 6
16 1 3
16 5 5
16 7 3
16 9 4
16 10 3
16 13 2
16 15 1
16 17 6
16 18 5
16 19 4
17 1 2
17 3 5
17 4 7
17 5 5
17 6 3
17 9 4
17 14 4
17 16 5
17 17 8
18 2 4
18 3 5
18 5 5
18 8 4
18 11 3
18 12 6
18 13 4
18 15 2
18 16 4
18 17 6
19 3 4
19 5 7
19 7 7
19 8 5
19 9 4
19 11 3
19 14 5
19 15 4
19 16 5
19 18 4
19 19 4
19 20 2
20 2 2
20 4 2
20 8 5
20 20 2
