15
96
1 3 4
1 7 3
1 8 4
1 11 4
1 13 2
2 2 6
2 5 5
2 9 4
2 15 3
3 3 8
3 5 5
3 6 2
3 7 2
3 8 1
3 10 5
3 11 5
3 12 6
3 15 3
4 1 3
4 7 2
4 8 0
4 9 0
4 12 4
4 14 4
5 3 6
5 4 5
5 5 6
5 6 6
5 7 4
5 9 1
5 10 2
5 11 1
5 12 1
5 13 1
6 1 2
6 4 6
6 6 6
6 11 1
6 14 3
7 4 6
7 5 5
7 10 1
7 11 2
7 12 2
7 15 4
8 1 2
8 3 6
8 5 3
8 7 6
8 8 7
8 9 5
8 11 3
8 13 6
8 15 3
9 1 3
9 3 6
9 4 5
9 6 4
9 7 5
9 8 6
9 10 5
9 12 3
9 13 5
10 5 4
10 6 4
10 8 5
10 10 7
10 12 4
10 13 5
11 1 1
11 2 4
11 3 4
11 7 3
11 9 7
11 10 7
11 15 1
12 2 4
12 4 7
12 5 6
12 9 7
12 12 5
12 13 5
12 14 5
13 3 3
13 4 5
13 8 4
13 11 2
14 4 4
14 11 3
15 1 3
15 6 4
15 7 4
15 10 2
15 12 4
15 13 5
15 15 2