15
102
1 4 4
1 5 5
1 7 5
1 8 3
1 10 4
1 13 5
1 15 2
2 1 1
2 3 5
2 6 6
3 1 0
3 2 2
3 3 4
3 4 4
3 6 5
3 8 5
3 10 2
3 11 3
3 15 5
4 4 4
4 6 6
4 13 7
4 14 7
5 2 2
5 3 4
5 5 4
5 6 5
5 7 6
5 11 5
5 15 4
6 3 6
6 4 5
6 5 5
6 7 5
6 9 6
6 12 4
6 14 4
7 1 4
7 3 7
7 4 6
7 5 4
7 6 3
7 7 4
7 8 6
7 11 2
7 12 3
7 13 3
8 2 7
8 3 9
8 4 8
8 7 3
8 8 6
8 11 2
8 13 2
9 2 4
9 3 7
9 5 6
9 6 5
9 9 8
9 11 4
9 13 3
9 15 2
10 2 2
10 3 4
10 4 5
10 6 5
10 7 4
10 10 8
10 12 3
10 13 2
10 14 3
11 1 1
11 3 4
11 4 6
11 5 6
11 7 5
11 8 6
11 9 7
11 11 6
11 15 2
12 3 5
12 5 3
12 8 4
12 13 5
13 2 7
13 4 4
13 5 2
13 6 2
13 7 4
13 10 6
13 11 6
14 3 5
14 4 4
14 5 2
14 6 2
14 7 3
14 10 8
14 12 7
14 15 4
15 1 3
15 10 6
15 13 3