20
187
1 2 2
1 4 4
1 5 4
1 9 1
1 12 2
1 13 3
1 20 2
2 1 3
2 2 5
2 3 4
2 4 6
2 8 2
2 9 4
2 10 3
2 11 6
2 12 5
2 13 5
2 14 2
2 16 2
2 18 4
2 19 3
2 20 3
3 1 4
3 2 7
3 3 6
3 6 3
3 7 2
3 8 3
3 9 5
3 10 6
3 11 7
3 12 6
3 13 5
3 14 3
3 18 3
3 20 2
4 3 7
4 7 3
4 11 5
4 12 6
4 13 5
4 14 5
4 17 5
4 18 6
5 2 5
5 8 2
5 10 4
5 11 4
5 12 4
5 18 6
5 19 5
5 20 2
6 1 2
6 3 5
6 5 8
6 7 5
6 8 2
6 10 3
6 11 4
6 12 4
6 13 3
6 17 5
6 18 7
7 2 3
7 4 5
7 5 6
7 6 4
7 12 4
7 15 2
7 17 3
7 18 5
7 19 5
8 1 2
8 2 3
8 3 5
8 4 3
8 15 4
8 17 4
8 18 5
8 20 3
9 1 4
9 3 7
9 9 6
9 10 6
9 11 7
9 13 7
9 14 6
9 15 5
9 19 5
9 20 5
10 3 5
10 7 2
10 8 3
10 9 5
10 10 7
10 11 7
10 12 7
10 13 6
10 18 4
11 2 5
11 3 4
11 4 6
11 7 2
11 8 2
11 10 5
11 13 5
11 14 5
11 20 4
12 4 5
12 10 3
12 12 5
12 13 2
12 14 3
12 15 2
12 17 5
12 19 7
13 1 3
13 2 5
13 7 4
13 8 1
13 9 1
13 11 4
13 15 5
13 18 5
13 19 6
14 1 3
14 3 3
14 4 3
14 8 3
14 16 6
14 17 4
14 19 5
15 3 1
15 6 5
15 9 2
15 10 5
15 11 5
15 13 6
15 14 6
16 2 1
16 4 3
16 9 6
16 11 6
16 12 6
16 13 5
16 18 4
17 2 2
17 3 3
17 4 3
17 6 3
17 8 3
17 9 4
17 10 4
17 11 6
17 15 2
17 16 1
17 19 6
18 1 1
18 2 4
18 3 3
18 4 3
18 5 2
18 7 5
18 8 4
18 9 4
18 15 3
18 16 1
18 17 1
18 19 5
19 2 4
19 4 5
19 5 5
19 7 4
19 8 3
19 9 3
19 13 6
19 14 5
19 15 2
19 16 3
19 19 6
20 6 4
20 12 4
20 13 6
20 15 4
20 18 2
20 19 3
20 20 5