15
110
1 1 3
1 2 4
1 6 2
1 7 0
1 12 5
1 13 3
1 14 4
2 2 7
2 3 5
2 5 5
2 7 4
2 9 1
2 12 6
2 13 5
3 1 4
3 2 6
3 6 7
3 7 5
3 9 3
3 10 4
3 13 7
4 3 4
4 5 4
4 6 7
4 9 2
4 10 3
4 14 6
4 15 5
5 2 5
5 4 2
5 14 5
5 15 3
6 1 4
6 2 6
6 3 5
6 4 3
6 9 3
6 10 5
6 11 4
6 14 5
6 15 3
7 7 4
7 8 4
7 10 6
7 11 4
7 14 4
7 15 2
8 1 4
8 2 5
8 3 3
8 8 5
8 9 4
8 10 3
8 11 1
8 12 3
8 13 3
8 14 6
8 15 4
9 1 4
9 3 5
9 4 6
9 13 3
10 1 6
10 2 8
10 4 6
10 6 4
10 8 4
10 9 4
11 2 7
11 3 7
11 4 6
11 8 4
11 10 3
11 11 2
11 13 3
11 14 5
11 15 3
12 2 5
12 3 5
12 4 3
12 7 4
12 8 4
12 10 2
12 11 2
12 14 6
12 15 3
13 1 5
13 2 6
13 3 6
13 4 4
13 7 5
13 8 4
13 9 1
13 10 2
13 12 6
13 13 4
13 14 5
14 1 5
14 2 6
14 3 5
14 9 1
14 10 2
14 11 5
14 13 4
14 15 2
15 4 3
15 7 4
15 8 2
15 11 4
15 12 4