20
200
1 2 4
1 3 4
1 4 4
1 7 1
1 9 3
1 10 3
1 11 3
1 12 1
1 14 4
1 16 6
2 5 5
2 6 4
2 7 5
2 8 4
2 10 4
2 12 4
2 15 7
2 16 8
2 19 9
3 1 3
3 3 3
3 5 5
3 6 5
3 7 7
3 9 4
3 11 2
3 14 6
3 15 6
3 16 6
3 17 5
3 18 5
3 20 4
4 1 4
4 3 4
4 4 4
4 5 7
4 7 7
4 8 5
4 11 2
4 12 4
4 13 4
4 15 6
4 17 3
4 18 4
4 19 5
4 20 4
5 1 4
5 3 4
5 4 5
5 5 6
5 6 6
5 8 5
5 10 4
5 11 4
5 12 5
5 13 5
5 14 6
5 15 4
5 16 3
5 17 2
5 18 3
6 3 4
6 4 5
6 5 5
6 6 5
6 7 5
6 9 7
6 13 6
6 14 7
6 15 4
6 20 5
7 2 3
7 3 3
7 5 3
7 7 5
7 10 7
7 12 6
7 14 6
7 15 4
7 16 2
7 17 1
7 18 2
8 1 0
8 8 6
8 13 4
8 14 5
8 18 2
8 19 4
9 5 5
9 6 7
9 9 5
9 10 4
9 11 3
9 14 5
9 15 7
9 16 6
10 2 4
10 3 3
10 5 5
10 9 5
10 10 3
10 13 5
10 16 6
10 17 5
10 18 3
10 19 3
10 20 2
11 2 4
11 3 3
11 4 4
11 5 3
11 6 3
11 9 5
11 12 5
11 14 5
11 19 3
11 20 2
12 1 3
12 3 4
12 5 3
12 12 6
12 15 4
12 20 0
13 1 2
13 3 1
13 5 4
13 6 5
13 9 5
13 10 7
13 16 3
13 18 4
13 19 1
13 20 0
14 2 5
14 6 4
14 9 3
14 10 5
14 11 6
14 12 5
14 14 3
14 15 3
14 16 5
14 17 4
14 18 4
14 19 1
15 2 4
15 4 6
15 6 6
15 9 3
15 12 5
15 14 3
15 17 4
15 18 4
15 20 2
16 2 6
16 3 6
16 4 8
16 5 6
16 6 6
16 7 4
16 8 4
16 9 4
16 10 5
16 11 7
16 12 6
16 13 6
16 15 8
16 16 8
16 17 5
16 19 4
17 5 7
17 8 5
17 10 5
17 11 7
17 14 6
17 16 7
17 18 4
18 2 4
18 4 5
18 6 4
18 9 4
18 12 5
18 13 6
18 15 6
18 16 6
18 19 3
18 20 3
19 3 7
19 6 5
19 12 5
19 13 4
19 14 4
20 1 2
20 4 4
20 7 3
20 8 2
20 9 1
20 11 2
20 16 3
20 20 0