20 20
4 68 92
12 14
9 4
6 12
18 4
3 6
16 15
7 12
11 16
16 6
13 14
16 16
8 8
4 14
5 14
9 10
4 3
3 8
4 9
14 14
2 4
4 7
6 7
6 10
18 7
14 17
7 2
10 18
10 6
12 8
8 12
10 11
4 10
7 6
2 15
4 11
9 6
8 11
17 10
4 18
8 10
2 16
16 10
17 18
14 5
7 8
16 4
12 11
6 18
10 8
15 12
4 17
4 8
18 18
12 6
2 3
10 16
14 15
5 10
14 12
13 8
8 18
16 18
18 6
4 12
5 18
17 4
18 5
17 2
2 13
17 12
14 3
15 10
16 2
17 14
18 8
8 3
14 6
6 14
10 4
8 14
9 8
18 14
8 6
4 4
18 13
14 18
6 17
2 5
3 2
4 6
17 16
18 9
12 2
2 6
8 4
14 11
12 16
10 13
5 4
14 2
6 8
11 10
18 10
11 14
10 10
18 2
16 14
2 18
12 17
2 10
14 4
16 12
14 10
2 12
8 17
11 6
6 4
3 16
15 18
2 8
12 5
16 7
14 8
6 16
6 13
16 5
13 2
18 3
10 12
11 8
10 17
2 11
11 2
3 18
12 10
4 2
6 6
18 12
8 16
18 16
11 4
8 15
2 2
16 8
2 14
10 2
15 8
14 16
9 18
4 16
7 16
10 14
12 4
3 14
18 17
15 2
12 12
8 2
12 18
6 2