40 40
14
293
395
40 32
18 21
28 2
7 17
27 10
6 22
29 33
34 1
16 30
14 24
13 30
9 28
16 26
7 16
11 22
9 14
2 11
3 28
18 10
37 26
37 39
26 28
31 8
27 34
28 23
26 34
2 26
40 7
23 33
6 17
32 19
2 4
39 22
25 3
1 12
34 37
35 25
25 12
18 17
16 12
7 39
34 2
24 3
28 26
40 16
11 15
40 23
6 30
35 27
36 14
16 5
10 5
17 28
36 34
39 18
34 19
11 36
28 3
31 26
8 21
38 4
32 39
16 27
20 25
33 29
20 18
6 12
3 33
4 31
26 29
8 15
33 24
32 14
17 19
16 20
7 18
20 10
13 40
8 12
27 4
2 29
21 20
3 13
10 31
37 15
8 19
11 38
38 18
7 8
26 14
28 1
28 21
1 38
17 35
39 38
37 23
37 22
21 36
3 32
2 9
4 15
1 7
10 35
9 1
26 40
27 25
11 10
9 13
24 40
11 34
9 10
30 22
10 38
9 2
1 15
6 38
14 37
26 21
3 16
27 5
23 40
32 27
15 3
20 31
38 38
33 21
20 1
40 30
33 28
35 18
30 19
37 3
19 26
32 16
20 5
25 1
20 19
33 20
34 5
4 24
39 23
38 8
25 26
24 29
12 26
16 14
5 17
37 8
16 17
25 18
29 11
31 13
33 2
2 17
31 32
38 26
22 21
22 27
33 19
33 35
37 27
10 17
26 5
18 15
24 9
34 4
35 4
32 20
18 5
30 2
40 19
10 6
25 17
7 10
11 23
40 25
26 17
8 8
26 24
8 38
15 28
21 10
28 31
29 5
10 10
22 32
11 29
26 12
18 40
28 29
26 32
24 31
4 22
5 31
40 26
14 31
28 32
14 2
11 13
21 38
40 20
25 15
29 25
17 3
8 14
6 11
2 16
19 12
21 13
32 35
2 23
11 28
21 28
8 10
25 32
21 8
4 25
39 30
18 25
5 12
36 17
11 6
38 23
24 2
8 11
6 4
19 24
3 21
15 5
13 11
23 9
21 37
14 27
20 37
8 29
35 7
23 16
17 13
5 18
36 32
32 9
7 24
31 39
25 11
7 23
3 31
13 12
3 11
7 31
7 21
32 8
35 40
37 29
18 24
5 38
9 27
11 37
22 38
26 26
19 10
30 29
2 34
9 38
23 3
1 17
32 17
5 30
10 37
22 15
3 20
19 27
37 11
29 24
40 33
30 32
10 16
4 30
33 3
30 40
11 18
8 4
18 30
19 35
35 16
34 29
11 1
26 11
10 4
2 30
27 8
29 6
20 17
40 38
9 32
7 15
14 18
12 6
31 25
29 8
39 1
5 32
16 16
2 24
8 3
7 34
28 6
22 5
33 12
23 15
18 3
3 25
10 39
32 33
23 20
27 28
16 28
3 6
40 6
14 9
33 16
11 31
29 12
7 32
21 11
11 32
1 10
20 33
24 21
20 2
9 20
15 23
5 26
34 27
21 2
22 10
16 25
24 10
15 35
12 11
6 35
12 35
37 14
7 28
20 16
31 2
36 19
36 10
8 28
40 40
7 26
10 7
24 27
38 13
19 3
33 7
22 2
16 36
2 31
1 20
22 11
6 7
22 19
33 33
7 9
7 37
38 9
21 25
34 31
32 25
19 31
9 7
32 22
27 13
2 19
39 16
23 21
39 33
5 25
7 13
37 12
32 6
18 29
6 8
35 21
38 35
10 28
36 16
10 33
32 21
15 11
37 30
39 4
23 18
11 39
39 24
32 3
17 11
3 17
30 4
11 12
1 26
36 37
13 20
24 5
10 32
3 10
38 12
27 7
12 39
1 11
39 6
14 10
4 37
18 6
30 31
23 34
11 17
11 35
4 28
27 3
25 28
35 10
18 14
25 29
4 29
37 17
27 20
31 20
35 9
16 8
29 14
5 22
28 16
6 9
4 5
17 20
9 5
32 32
6 27
8 36
34 30
23 6
35 37
6 1
27 38
13 27
36 7
5 23
21 6
11 16
37 13
35 6
37 2
8 37
8 18
29 13
1 22
28 38
32 36
40 31
5 33
25 35
9 39
5 27
3 36
36 21
38 5
6 21
8 34
4 18
20 12
34 10
9 12
3 15
22 7
29 15
18 16
21 39
20 38
31 19
13 3
6 40
7 4
3 29
29 20
11 27
24 8
20 11
14 28
40 12
15 15
1 9
19 33
3 9
5 28
16 31
13 26
17 7
10 15
7 40
24 20
4 33
30 24
32 28
20 39
13 2
15 8
23 23
28 30
24 18
27 19
17 21
9 37
1 35
16 4
23 13
7 3
11 2
34 26
38 16
33 38
38 2
34 21
28 28
11 21
10 25
29 17
22 39
23 19
12 2
33 25
6 34
9 17
9 22
16 34
13 1
3 12
3 22
7 30
25 8
30 30
32 34
9 15
11 30
36 2
21 33
12 27
17 10
18 11
27 32
4 4
18 31
22 20
27 35
15 7
16 3
4 7
32 15
11 3
34 16
26 30
20 21
23 30
1 39
8 20
20 35
35 26
38 22
21 29
8 6
17 30
32 12
2 15
36 24
4 12
25 31
10 20
7 12
10 11
20 40
39 27
15 17
27 33
26 38
4 21
16 18
6 2
7 25
33 11
25 14
11 9
8 31
29 2
7 38
16 15
11 33
19 37
35 8
4 13
38 17
19 36
9 34
35 28
1 18
11 19
32 38
23 8
34 6
26 25
15 13
17 39
21 26
25 19
24 1
6 32
32 40
20 26
14 40
12 8
37 24
39 8
34 39
13 5
28 34
19 22
36 12
5 40
20 4
14 4
1 3
14 15
4 6
6 33
15 24
30 25
24 35
34 25
26 6
20 9
15 16
16 9
26 36
21 32
18 26
4 20
34 15
6 16
17 9
25 37
17 32
24 13
8 26
19 5
37 21
25 9
21 16
10 23
27 12
37 40
16 7
28 20
7 19
5 3
31 21
38 3
18 8
16 11
6 25
7 1
17 1
37 25
25 4
10 8
19 8
15 9
29 9
14 20
32 18
22 1
20 30
19 7
31 36
20 24
27 15
29 26
35 30
9 26
18 39
