80 80
46
1146
1419
38 27
25 59
60 69
67 46
29 61
58 42
63 38
36 51
23 25
47 41
73 70
54 47
51 65
17 65
38 67
57 47
34 55
72 45
56 29
11 21
24 12
25 80
19 32
80 5
9 5
17 1
21 18
78 26
29 2
10 69
3 71
25 6
51 19
29 71
13 36
5 43
41 10
78 43
8 26
56 19
4 59
55 13
42 67
33 54
79 64
22 27
5 21
70 2
14 21
5 41
80 18
5 23
77 58
30 41
62 40
18 34
37 44
54 3
28 17
47 22
21 38
15 51
49 41
8 23
68 17
69 6
59 51
21 4
64 6
8 29
15 69
10 22
16 38
30 71
79 62
71 78
20 70
42 35
57 14
6 46
74 73
69 23
11 34
52 55
52 76
64 71
52 70
44 47
35 40
39 23
20 30
2 61
14 60
50 52
12 12
38 8
29 37
80 30
6 38
72 73
30 31
8 33
66 14
10 21
74 31
51 67
23 42
71 18
49 30
24 13
61 45
13 42
45 32
64 60
2 73
9 77
80 25
28 39
29 1
71 59
67 59
48 60
16 55
22 30
10 4
1 6
10 57
2 77
28 60
31 34
42 45
1 39
53 22
62 23
6 10
11 72
48 11
40 1
18 23
32 10
17 67
15 45
61 36
70 1
6 60
20 12
69 35
80 77
66 40
31 60
62 19
37 31
80 13
36 7
37 51
62 24
1 18
24 21
39 72
61 72
8 77
37 28
6 52
26 37
20 29
48 7
48 40
45 57
30 25
9 32
41 4
39 38
44 5
55 64
60 20
1 79
18 47
42 70
56 25
70 73
22 42
24 36
24 56
80 58
35 58
15 8
31 18
59 41
52 10
42 48
67 55
16 63
12 45
7 53
58 70
24 32
36 25
61 58
50 48
79 72
77 25
4 29
65 11
63 45
80 31
11 32
61 16
32 46
50 1
58 15
63 55
57 52
25 65
2 42
8 31
54 29
47 74
45 20
69 67
4 55
19 24
70 64
60 44
46 8
33 13
4 10
64 58
33 47
37 68
62 78
40 62
62 43
34 4
76 19
21 16
38 38
28 53
18 35
55 3
53 75
60 24
69 37
17 72
35 66
74 17
27 41
51 38
74 45
45 35
47 9
12 28
59 52
47 72
3 19
43 59
76 32
16 42
12 11
31 56
45 49
60 37
72 40
34 80
38 37
30 47
13 6
15 18
62 47
1 50
5 75
61 70
47 66
25 9
60 10
71 36
41 32
20 58
37 75
36 76
43 9
67 76
24 76
79 19
32 71
17 37
12 22
58 26
50 44
25 75
64 31
11 67
73 13
12 38
67 74
49 26
57 46
37 30
78 18
79 21
41 17
36 44
48 14
59 10
57 64
78 70
66 74
60 58
20 31
16 28
4 51
17 62
51 68
34 65
38 41
44 32
56 70
72 52
43 32
23 69
56 64
52 9
41 7
48 21
70 27
17 50
46 3
7 16
37 65
76 64
61 60
10 53
46 60
7 18
15 38
61 20
26 45
54 17
70 33
20 32
39 39
26 59
46 16
14 10
41 14
45 79
78 3
5 26
25 48
65 61
61 73
39 25
55 16
72 65
60 23
35 7
77 16
38 29
38 77
27 16
41 76
15 60
51 33
48 29
64 78
34 70
72 57
66 71
9 8
16 75
13 52
57 19
67 69
9 62
70 41
9 6
16 66
58 9
66 52
29 34
34 21
61 2
44 41
32 43
36 10
34 46
29 79
36 11
39 46
35 35
71 29
61 27
62 39
77 13
33 37
68 51
7 67
79 11
2 63
29 5
79 17
30 60
34 57
26 64
2 16
75 13
68 45
24 62
23 27
44 61
56 15
34 29
38 44
41 11
23 32
28 75
75 31
37 57
48 12
35 77
33 71
79 14
17 12
6 19
17 36
19 43
70 59
55 74
56 56
66 78
6 71
38 19
40 34
11 66
66 26
27 34
48 68
32 48
9 17
78 29
69 21
23 30
61 68
56 50
10 39
50 18
16 58
37 56
47 2
3 38
58 27
72 2
59 45
5 64
73 71
70 61
67 71
80 1
18 80
3 36
78 79
73 17
70 17
43 5
76 25
4 15
25 3
37 12
36 41
34 1
64 21
34 25
61 33
54 49
25 30
64 77
20 78
43 18
53 9
30 20
71 26
33 50
20 66
25 18
47 71
52 71
30 26
49 7
32 20
63 79
61 13
36 48
67 44
16 67
7 47
3 50
60 68
19 72
42 58
38 3
36 36
4 21
43 73
14 13
48 74
31 20
13 54
12 24
64 33
42 29
20 52
74 6
31 71
5 4
48 36
54 44
77 33
50 46
56 53
30 53
34 59
35 21
70 29
26 27
42 79
50 42
38 15
49 10
40 76
23 77
53 62
49 17
60 70
74 19
32 11
72 22
45 67
49 58
14 14
14 63
28 10
58 19
35 28
19 78
38 32
8 60
71 28
32 27
55 37
19 77
55 73
60 79
76 7
12 23
41 22
18 71
14 5
32 61
43 2
69 10
77 80
42 37
77 50
62 71
35 15
30 62
31 38
56 62
37 9
18 57
44 1
55 14
30 10
39 42
15 3
60 61
56 6
7 57
28 46
30 76
34 13
37 43
47 6
61 12
40 10
54 1
78 73
26 52
8 71
26 42
71 48
45 77
9 44
21 24
68 1
58 29
54 39
23 55
65 6
26 79
66 18
69 57
16 60
41 60
41 5
31 59
47 10
19 17
76 20
65 25
31 46
60 54
7 71
34 39
28 41
57 3
10 36
19 71
80 70
30 45
49 65
48 65
54 10
6 77
70 53
7 79
9 10
64 67
66 21
54 73
41 79
6 20
34 37
77 6
1 52
75 20
42 49
33 14
47 13
55 76
17 20
43 21
75 26
59 47
44 43
74 68
1 4
65 7
14 61
25 41
20 48
59 64
61 29
48 75
41 56
73 5
59 61
4 34
71 72
69 12
72 60
78 27
12 73
49 50
52 44
60 38
20 39
36 39
41 61
58 39
79 38
19 65
69 64
60 67
64 40
14 64
56 31
17 28
71 44
25 14
10 73
25 53
4 77
60 2
11 61
3 76
67 2
13 43
5 71
74 16
2 74
68 24
48 22
66 61
68 58
21 80
42 66
53 72
8 10
10 26
65 66
27 29
63 7
16 70
15 12
28 65
67 22
9 60
53 16
37 49
41 28
48 72
5 32
80 3
57 20
77 75
59 4
21 6
55 15
8 42
57 58
59 22
49 15
27 63
14 74
15 47
73 34
20 8
8 56
22 38
12 20
37 13
80 37
80 4
78 20
1 77
71 65
68 27
59 63
53 43
53 33
24 24
42 59
79 55
28 4
6 49
72 15
58 58
20 19
2 47
47 50
17 55
56 44
51 66
75 63
78 38
45 12
53 41
20 67
49 56
62 61
77 68
24 23
21 35
75 7
36 79
3 41
44 34
48 25
50 37
14 2
51 59
71 19
53 64
41 42
22 12
72 42
5 60
43 29
72 32
22 24
32 6
43 51
15 7
34 5
20 27
52 56
46 72
37 22
28 66
62 16
21 64
36 31
42 63
40 59
73 1
29 19
23 2
37 45
43 22
61 57
13 73
47 44
24 71
68 47
76 49
47 14
15 19
47 3
21 43
77 28
1 44
55 66
56 33
39 14
76 11
4 66
64 65
18 14
69 46
60 48
17 15
3 58
25 17
21 65
35 75
51 37
63 5
35 46
30 56
4 79
76 60
55 44
14 58
50 34
65 15
78 35
79 59
55 41
3 30
24 66
72 11
9 2
57 13
76 5
26 7
13 80
1 60
28 33
68 32
9 14
43 35
79 7
33 24
49 60
21 27
54 37
59 27
42 55
48 71
78 37
59 68
18 13
35 32
75 32
41 29
51 7
35 4
10 45
37 79
32 17
66 31
23 47
62 50
33 67
62 32
36 20
77 35
7 35
16 12
16 33
21 32
40 6
26 43
52 21
26 55
45 58
63 68
29 24
47 43
47 30
72 76
43 1
2 57
76 51
24 59
78 66
29 62
67 53
75 61
70 40
52 57
32 29
64 59
16 8
36 78
35 56
68 66
75 41
69 25
10 67
57 11
12 26
75 38
73 69
21 71
33 66
68 63
54 56
61 48
33 32
48 73
46 78
34 47
66 39
22 70
67 61
65 52
48 16
56 55
41 12
51 40
18 41
20 75
23 28
66 28
78 76
59 74
56 12
47 16
55 52
56 7
31 62
28 62
26 22
34 28
75 45
50 10
1 75
20 74
41 9
43 54
29 43
34 64
41 13
55 18
46 23
50 7
67 13
32 44
48 80
5 66
47 69
65 58
14 68
59 73
12 37
57 32
19 20
64 49
80 2
75 23
11 15
3 12
64 32
49 20
17 43
37 6
13 57
63 22
64 9
72 43
9 55
4 30
39 71
6 61
65 28
49 13
24 1
30 9
79 80
62 55
28 59
58 37
75 36
80 23
48 59
25 61
6 48
21 75
33 49
66 36
10 34
65 27
36 55
50 38
38 40
28 79
63 40
22 43
64 66
31 27
22 25
76 29
17 25
53 21
52 53
75 76
37 53
38 57
32 30
54 25
23 29
24 45
27 5
2 24
67 79
67 3
43 41
43 38
43 76
67 28
42 9
69 45
2 31
73 30
48 13
33 12
63 53
17 8
9 11
60 12
15 36
36 1
25 52
17 58
49 76
66 43
56 71
69 44
39 11
30 57
9 68
79 16
28 16
4 80
50 54
10 6
77 12
54 69
57 4
64 15
71 32
77 4
8 69
13 47
24 58
40 57
39 24
16 10
33 6
43 17
61 41
7 24
43 27
52 8
58 40
12 80
69 29
52 36
54 5
52 12
24 20
26 11
62 51
21 17
34 68
26 25
62 65
45 59
70 20
69 79
18 6
79 33
76 62
33 21
64 47
54 75
7 60
26 61
51 72
13 60
44 80
31 79
37 3
23 49
31 76
68 60
29 47
28 58
20 55
44 26
33 41
80 45
25 74
68 38
35 60
1 20
2 12
76 77
8 8
62 11
59 80
32 34
28 56
74 11
18 5
6 79
3 74
30 58
57 21
6 21
59 18
8 34
37 66
62 25
53 78
58 36
66 77
62 68
26 35
58 53
49 57
69 36
26 54
80 16
74 48
41 35
37 69
14 20
46 55
7 17
31 17
65 78
39 15
66 30
38 9
43 20
26 53
9 76
8 70
31 24
12 50
45 47
36 49
25 13
10 42
51 41
17 74
14 65
16 2
78 47
76 50
62 4
25 70
20 33
32 23
31 10
64 62
11 3
27 1
38 7
11 31
22 64
23 80
72 12
78 7
14 72
7 5
42 39
10 2
77 20
63 26
6 3
75 18
10 51
11 24
73 21
55 29
79 50
9 26
5 24
26 63
75 49
1 61
70 43
37 24
19 59
51 77
19 31
55 2
77 46
50 27
71 10
68 35
38 73
5 49
18 7
8 67
5 63
54 52
49 66
23 8
26 41
71 24
52 27
9 15
49 27
31 36
67 15
73 29
61 15
70 12
39 27
48 46
19 50
58 61
22 80
31 28
17 70
2 8
36 33
17 26
57 12
41 66
72 19
1 67
49 23
77 8
9 42
10 60
15 24
48 70
30 4
34 63
41 68
65 13
15 5
13 77
76 31
62 67
4 67
33 25
29 66
20 62
67 60
53 31
71 15
40 35
74 1
2 2
36 35
61 23
44 28
19 6
40 54
63 41
3 56
35 67
71 8
70 35
50 17
45 68
18 66
51 57
14 46
22 18
44 65
64 55
52 60
56 3
75 66
30 23
21 60
76 55
47 57
18 32
37 54
32 31
67 67
66 37
78 9
52 74
61 3
68 37
2 67
55 27
1 41
65 80
27 27
49 22
52 79
3 34
59 9
45 80
54 18
74 39
52 16
62 63
70 49
4 53
6 54
12 15
53 30
19 1
50 57
49 31
36 80
21 5
59 66
2 6
36 58
16 61
75 6
32 36
69 80
69 66
80 42
70 21
25 64
6 59
58 45
61 22
74 30
21 55
26 72
5 58
55 43
20 42
79 9
79 15
49 33
36 18
27 31
35 18
30 42
68 75
52 15
70 54
70 79
53 14
57 42
79 67
32 65
52 22
50 20
67 5
38 43
47 70
12 59
4 16
57 2
74 52
37 26
38 51
42 22
16 1
71 52
80 75
37 5
40 52
51 74
14 22
69 30
72 33
49 59
34 58
15 46
19 22
13 78
52 1
8 59
56 13
12 4
36 22
57 65
3 11
33 28
60 34
80 44
67 17
53 55
74 10
42 13
78 71
42 2
23 6
79 36
14 25
64 29
3 46
19 26
42 23
50 14
6 17
26 32
17 77
74 14
79 41
53 69
70 10
34 54
31 4
59 60
3 15
25 1
41 47
77 65
2 14
62 56
63 4
73 36
45 17
3 73
31 35
74 54
41 43
26 65
30 1
2 22
58 14
3 28
67 24
72 30
30 67
16 76
42 41
69 71
37 25
72 17
28 27
51 76
77 14
15 37
14 56
64 42
67 9
54 38
21 12
77 77
18 10
51 6
59 7
18 25
40 9
13 76
74 55
75 80
13 33
37 70
45 28
19 29
33 75
6 55
9 63
57 9
78 63
79 28
49 70
6 22
2 9
57 77
13 3
47 8
78 57
74 12
43 7
53 19
44 77
15 22
74 24
62 6
23 67
75 78
40 51
11 19
73 72
39 60
55 9
67 21
70 62
8 20
30 11
28 18
71 39
35 68
23 7
35 65
12 14
54 22
9 71
36 13
64 2
18 79
64 22
10 17
34 14
67 27
4 5
5 48
43 56
10 77
3 1
37 8
4 72
22 44
71 54
12 66
32 1
29 42
20 64
14 47
72 78
22 39
34 40
11 80
66 46
54 61
33 17
25 55
3 40
17 75
3 61
49 46
46 26
17 79
8 48
41 57
79 23
19 54
80 47
41 33
80 71
19 41
74 74
63 54
52 17
70 44
54 36
74 35
36 61
66 56
43 25
50 49
27 76
43 3
79 27
30 78
56 75
29 29
46 48
64 1
27 45
21 20
56 63
28 30
44 33
61 44
61 80
63 35
56 34
3 37
74 72
62 30
9 41
3 59
20 50
40 58
27 80
1 43
71 74
37 73
17 80
78 10
17 57
78 59
2 35
54 64
14 23
17 40
31 31
27 66
12 52
14 80
17 27
57 75
79 49
13 79
78 23
36 46
52 2
42 10
78 11
17 56
58 76
32 55
50 66
54 68
42 25
32 77
66 64
41 73
29 33
25 50
49 34
66 48
27 61
27 2
7 28
52 68
76 79
42 73
19 52
58 38
71 40
13 19
33 15
2 75
23 33
40 23
39 53
46 27
29 12
2 38
14 12
48 19
30 75
4 74
8 43
7 36
37 19
58 12
1 56
55 33
24 79
27 15
61 47
46 54
40 71
62 3
32 47
80 53
24 7
43 36
15 63
51 18
69 56
40 72
20 44
77 32
72 3
68 69
72 10
50 15
30 44
41 37
63 66
9 66
26 31
30 27
55 10
63 46
16 18
51 58
38 17
64 24
9 51
48 55
56 23
27 50
56 35
59 79
22 32
37 63
33 48
27 28
14 17
56 67
38 63
19 58
54 7
70 5
36 28
13 75
78 21
37 2
62 69
44 19
8 45
60 19
21 51
76 38
46 13
38 24
36 27
38 26
8 74
44 23
66 62
41 30
53 46
66 67
18 1
26 1
77 71
42 4
13 4
70 16
70 13
2 30
31 53
68 78
23 56
73 49
29 73
52 48
6 58
11 75
14 16
16 23
20 35
45 23
42 53
45 38
65 5
26 16
73 52
11 76
15 1
53 68
77 27
78 62
12 58
68 25
77 24
38 5
56 11
5 7
18 28
18 54
28 61
37 11
31 22
48 3
12 36
55 24
13 56
38 65
79 70
20 54
51 8
69 42
7 21
66 79
22 73
3 66
55 36
6 28
1 54
80 73
67 41
22 67
56 51
12 13
58 5
76 58
13 32
31 43
23 50
37 32
25 23
53 24
18 59
34 36
54 12
48 4
73 47
80 27
22 14
28 1
26 28
40 11
46 66
66 29
16 69
29 3
79 58
43 43
1 19
75 75
47 32
40 79
65 76
48 47
13 70
2 17
68 65
74 18
51 71
68 53
63 43
47 64
78 15
55 8
53 4
1 47
45 41
79 51
1 70
60 11
41 2
63 71
55 17
24 49
15 57
38 14
62 34
63 16
13 38
50 30
39 74
49 37
27 58
62 35
45 52
48 34
60 71
19 7
44 11
9 72
63 27
31 45
67 50
23 52
6 27
5 44
72 25
38 20
61 59
19 55
28 15
14 53
52 54
58 23
17 7
19 67
50 68
10 61
1 80
80 9
57 60
34 72
18 58
60 51
49 77
35 31
46 70
17 76
58 77
13 2
30 16
13 29
30 35
76 61
7 44
77 49
36 3
53 37
22 4
72 67
31 12
17 44
36 66
54 14
42 69
15 75
79 43
43 74
69 61
1 48
3 39
15 64
72 46
61 35
63 74
44 29
65 70
44 15
6 70
12 5
55 80
32 66
52 32
49 52
4 48
2 21
1 57
69 60
14 35
45 66
32 45
30 52
14 69
60 16
57 78
5 76
64 46
29 7
77 72
29 32
10 27
7 32
26 38
37 15
29 41
17 19
39 48
17 4
11 22
31 8
57 61
79 73
72 58
36 34
79 31
18 16
40 36
59 25
17 42
68 28
8 51
75 52
31 39
29 38
29 56
70 47
75 17
66 20
52 26
36 15
44 13
75 55
58 68
3 4
60 62
51 29
45 26
43 12
49 71
6 35
57 49
4 62
14 36
37 40
35 17
50 4
34 38
25 57
22 16
25 68
17 73
44 17
56 10
77 56
32 19
16 9
44 8
63 19
58 72
8 54
38 31
80 54
13 40
64 57
16 45
35 78
20 49
21 22
14 41
71 4
78 5
64 37
8 40
6 80
45 56
9 54
39 32
64 53
70 31
72 27
77 22
22 6
73 15
18 18
5 18
30 24
44 6
63 80
7 11
50 12
2 69
57 59
61 25
51 79
42 54
17 52
67 65
24 69
70 39
44 36
40 56
61 18
61 67
8 19
54 54
29 65
4 2
60 22
65 54
12 17
51 49
47 61
3 48
14 18
39 49
17 31
66 57
42 33
18 22
20 80
48 8
49 11
48 9
76 43
65 12
40 4
74 27
14 75
38 45
37 55
12 31
49 54
6 67
76 12
68 48
68 44
62 45
20 36
74 53
4 57
28 37
58 44
58 55
14 7
73 80
76 1
70 78
68 71
60 27
29 6
15 16
32 53
43 60
11 73
53 6
40 63
66 13
26 17
67 10
9 52
27 47
71 46
18 46
58 1
78 64
10 74
48 42
46 41
25 2
59 50
42 75
35 9
65 49
65 9
74 26
15 33
74 69
52 29
46 7
67 43
50 32
78 41
70 4
50 78
8 25
80 43
33 38
7 59
80 19
58 48
53 47
6 25
73 54
64 17
12 74
3 45
67 68
58 57
11 10
37 58
40 20
36 38
68 10
5 53
64 35
74 62
64 8
29 27
6 16
45 65
54 67
5 46
57 1
72 56
18 78
12 35
19 37
62 72
29 11
59 40
34 78
70 66
37 17
77 10
21 39
60 56
66 53
20 61
40 50
18 52
65 69
67 26
73 27
68 5
52 33
52 75
31 57
21 2
36 16
10 33
78 77
28 9
77 37
9 25
14 38
30 54
63 17
34 6
15 44
45 4
7 12
29 10
11 45
73 22
6 44
21 37
51 46
45 78
11 62
68 50
3 25
43 70
60 65
3 13
48 10
71 27
2 71
9 50
18 38
42 32
27 43
15 73
65 53
42 24
39 43
54 80
59 53
5 65
30 55
8 3
3 23
63 63
33 51
53 8
8 39
32 22
1 11
47 31
35 49
47 47
42 60
24 63
52 11
7 20
25 11
47 76
3 60
71 69
79 12
28 12
31 6
20 26
57 71
60 5
71 80
72 50
41 80
23 31
77 21
43 31
19 75
25 56
43 48
38 22
19 38
42 65
62 18
62 15
79 46
32 9
17 54
18 45
80 24
65 10
7 22
23 10
24 28
25 43
34 56
64 5
55 53
67 35
33 18
29 31
9 20
63 57
25 26
17 18
29 52
72 61
21 77
13 65
33 1
5 3
42 77
56 66
7 31
78 28
60 53
31 58
61 76
77 31
62 17
63 34
5 54
39 80
48 52
58 10
61 39
78 25
22 21
59 6
62 48
63 2
27 73
49 42
21 54
78 50
76 52
13 12
23 53
22 34
64 18
27 3
7 8
51 70
60 32
49 72
36 72
3 68
58 25
41 77
11 39
68 18
58 50
43 46
42 44
53 27
53 58
28 72
3 14
28 47
35 30
59 71
18 43
44 12
75 67
10 23
72 75
38 48
51 32
26 56
27 37
45 25
38 75
26 47
14 76
35 39
75 3
11 55
29 75
19 47
54 4
54 65
33 16
54 30
70 8
23 36
38 6
14 3
11 6
67 7
20 10
10 55
75 74
12 56
28 31
9 12
29 48
63 77
53 79
61 55
1 40
34 45
71 2
22 49
75 21
18 27
16 24
32 67
17 49
22 2
46 20
14 49
8 61
25 36
14 39
32 62
76 78
20 2
67 80
13 11
34 42
46 12
28 14
14 42
54 53
54 27
6 11
77 70
77 2
36 4
58 4
19 64
24 51
71 60
67 14
28 32
7 34
11 28
47 49
27 51
8 66
46 35
77 64
12 44
66 12
80 55
60 25
28 40
48 43
77 52
30 63
24 41
1 17
20 63
30 32
22 31
17 64
50 65
68 70
80 41
4 33
44 4
71 63
12 33
16 51
74 78
28 52
39 69
28 7
74 43
26 23
53 70
50 74
73 12
9 65
21 42
73 62
28 78
73 10
69 33
9 64
35 37
32 16
30 13
41 25
55 78
62 2
48 5
41 65
14 62
58 13
17 16
62 74
50 36
69 31
67 45
62 13
70 69
33 59
76 34
55 60
39 6
75 79
34 44
72 18
57 15
29 22
16 6
43 53
46 15
62 77
5 69
27 19
70 56
44 2
19 5
51 62
67 56
50 51
57 67
32 80
32 73
72 9
51 5
72 13
30 50
54 43
65 73
6 8
5 1
9 56
36 54
32 49
46 5
73 78
16 27
27 44
9 7
76 24
21 70
38 12
61 9
70 74
50 33
1 55
4 32
61 53
24 80
78 14
4 41
46 22
45 34
48 32
9 21
41 44
68 2
6 45
29 69
23 20
25 22
4 61
53 11
7 45
22 57
55 58
9 45
2 44
49 25
32 3
19 39
76 30
31 29
26 62
51 44
68 4
55 31
53 35
63 69
75 2
57 69
50 40
21 74
80 57
75 73
42 14
25 15
6 33
39 76
58 46
63 20
50 5
52 42
36 59
34 15
52 58
31 42
54 23
34 24
16 77
47 33
58 74
64 36
24 47
12 19
